procs -----------memory---------- ---swap-- -----io---- -system-- -------cpu-------
 r  b   swpd  livre   buff  cache   si   so    bi    bo   in   cs us sy id wa st gu
 0  0      0 1717636  76948 1115488    0    0  1023   556  863    4  5  2 92  0  0  0
 0  0      0 1717636  76948 1115488    0    0     0     0  226  281  1  0 99  0  0  0
 0  0      0 1717636  76948 1115488    0    0     0     0  289  215  0  1 99  0  0  0
 1  0      0 1717636  76956 1115480    0    0     0    44  383  226  0  0 99  0  0  0
 0  0      0 1717636  76956 1115488    0    0     0     0  342  227  0  0 100  0  0  0
 1  0      0 1717636  76956 1115488    0    0     0     0  365  257  0  0 99  0  0  0
 0  0      0 1717636  76956 1115488    0    0     0     0  374  215  0  1 99  0  0  0
 0  0      0 1717636  76956 1115488    0    0     0     0  308  212  1  1 99  0  0  0
 0  0      0 1717636  76956 1115488    0    0     0   340  276  217  1  1 99  0  0  0
 0  0      0 1717636  76964 1115488    0    0     0    12  210  181  0  1 98  1  0  0
